.Random.seed <-
c(403L, 10L, -200314253L, -271645039L, 758644416L, -972486498L, 
801088617L, 1221300379L, -1684500054L, 662546892L, 546227343L, 
527948997L, -272462724L, 1267581138L, -2028396467L, -1384580857L, 
-459019026L, 219629000L, 812985035L, -1743891671L, 1899983736L, 
820963494L, 1035481793L, 359678803L, 279891970L, -1288749772L, 
-2003601737L, 297077421L, 1765788612L, -95661078L, -1373414315L, 
-497827345L, -1770911242L, -1345663200L, -142950173L, 1754936705L, 
-207645712L, 1986714254L, -648679943L, -1211330677L, 981470138L, 
-1722453316L, -1282446849L, 193902421L, -178532244L, 1456342210L, 
1744203549L, 326935959L, -476883714L, 1872051896L, 1705943195L, 
1472909049L, 1385054280L, 1957565302L, -1885894991L, 159205091L, 
596489650L, -1318740476L, 243176775L, -2134798307L, -1962051948L, 
-1078149574L, 78336133L, -2059659937L, -1446396442L, 292410480L, 
-1283324013L, 1459802161L, 89300704L, 325736318L, -1585000951L, 
-228907461L, 2146924554L, -1780766740L, -2049766289L, -1649286235L, 
-1418984612L, 1345466162L, -1978786259L, -1858448153L, 1502074382L, 
2114341864L, -1128286741L, -1874796919L, -311947752L, 825296198L, 
53736353L, -57000397L, -47139934L, 785925780L, -192199401L, -1899330803L, 
-1943850460L, -1297942006L, -1342209163L, 1859995343L, 171133398L, 
-308697728L, 1520901571L, -632243359L, 1020797392L, 889698606L, 
1505263833L, -683746581L, -1996241062L, 1519567132L, -447887329L, 
488084597L, -614166260L, 806976738L, -659384899L, 1776394807L, 
814788830L, -181732328L, -906894469L, 1620218649L, 1232089000L, 
1390292822L, 74913745L, -1301757053L, -300472814L, 1298481572L, 
1306457447L, 1597897405L, 1072527924L, -1660747366L, 819912165L, 
968276351L, -432303866L, 145484432L, 1845508915L, 305742033L, 
1824969344L, -346619042L, 1302704297L, 459002715L, -367959702L, 
300221452L, -632789937L, -1960159995L, 984487356L, -264593262L, 
2114442125L, -344022073L, 1161320622L, -1155540728L, -1204295925L, 
641393129L, -1044224328L, 361484646L, -667610623L, -529445741L, 
1437218626L, 869779700L, -1763965705L, -188097299L, 494210948L, 
-1348206166L, -429738219L, 208364975L, 1175326134L, -1277201440L, 
152902435L, 982064193L, -45027536L, 175471950L, 1124515769L, 
523696587L, 1022163578L, 128708476L, 1318567871L, 1080109205L, 
1334367916L, -1206418302L, -1971657635L, -1895961769L, -1715276226L, 
-1099253128L, 1878280539L, 1876945081L, 1582434568L, -1800569930L, 
1411070193L, -1033195741L, 53361010L, 2014571460L, 2037188487L, 
-2020913827L, -355327148L, 314292602L, -748849979L, -325179873L, 
2116563366L, 1565488L, 1189220819L, 1986156529L, 612921632L, 
1155305406L, -1330151479L, 436408187L, -1358269110L, -379436628L, 
-830514001L, -1538505115L, 296189468L, 1238249586L, 1185965805L, 
-1702114521L, 1744512846L, -703426648L, -1911809109L, -1605920567L, 
1903010008L, -2115519098L, -11398047L, -441002509L, -799894430L, 
-1890479404L, 1342641111L, -60257843L, -2020475548L, 794261834L, 
346702005L, -1361811441L, 1269563670L, 211606464L, 2127820675L, 
2119914913L, -1481664112L, 1074672464L, -1410195678L, -321788600L, 
-2027737588L, -1879091108L, 1601409234L, 1412746752L, 382701908L, 
-391545368L, 1888910330L, 45751504L, 1148098860L, 1083139828L, 
-481428078L, 737042528L, 1489351948L, -912958752L, -181584542L, 
-931929432L, 1571105356L, -2050329220L, 1343936818L, -751571856L, 
-1648571580L, 1475068376L, 243242106L, -1373739472L, -522239300L, 
1742197588L, -884461502L, 120187296L, -644008260L, 466206160L, 
1985961314L, 970762216L, 999567308L, 1555948284L, -1101089294L, 
-234795904L, -1650272012L, 315021960L, 392776506L, 106342224L, 
1868896876L, -1011173228L, 1663041874L, 1774786272L, 1293190860L, 
-871069536L, 1046890370L, -1608079640L, 518467308L, 83759164L, 
1148003954L, -1861176208L, -2137044444L, -2118690760L, -1993158630L, 
1337040L, -2107786180L, -504558444L, -1087076222L, 906407872L, 
628128060L, 5641872L, 1069580322L, -840681464L, 570051724L, 1380832284L, 
-344085870L, -2091650944L, -138324972L, 2099988776L, -38532550L, 
693933264L, 494408812L, 936771252L, -1716844526L, -610564128L, 
1583289292L, 748580320L, -921640414L, 1633746216L, 698881292L, 
-1835758020L, -739507982L, 1704529648L, 1743638340L, 204283480L, 
-934020550L, 409951984L, -1979797316L, 1973297684L, 202712258L, 
-96086944L, -497312388L, -1211645744L, -1464896478L, -965554520L, 
1385046924L, -2145567300L, -180474830L, 1848428352L, 538629300L, 
1644144456L, 1989212858L, 680468240L, 1358286060L, 322802772L, 
37654290L, -1916860512L, -1016122420L, 28336992L, 1598559426L, 
-758680024L, 154736044L, -1940042948L, -650053774L, 2043426608L, 
232085028L, -1050536904L, 1144303834L, -814021232L, -1456215300L, 
-1689205868L, 47286082L, 824299008L, 1671067196L, -1890338224L, 
1718658722L, -208010424L, -792694260L, -822744868L, 1593223762L, 
654422144L, 609094484L, 2052724200L, -1668096262L, -901403824L, 
-796599252L, -963450508L, -1641236846L, -283799968L, -97728884L, 
254977888L, 556632802L, 1374785704L, 2018798796L, 390799868L, 
-456978510L, -538187280L, 687977924L, 278469464L, -2042138758L, 
-360266320L, -1339103812L, 210355284L, 1838831554L, -14199008L, 
-1383552068L, -895138224L, 1944422882L, 1097352552L, 420535628L, 
-1953680132L, 881781490L, -880934144L, 927207028L, -1475111928L, 
579103162L, -2121010224L, -1224989204L, 404918164L, -1962148142L, 
442612320L, -361235124L, -1265676000L, 286068354L, -309008920L, 
-897326100L, -1401611716L, -2067085710L, -952566928L, 1745309988L, 
-2003652040L, -637601382L, 1626099152L, 405638588L, 1172935828L, 
-1762912126L, -26763840L, 2000097084L, -493944688L, 1129417506L, 
-468628984L, 763144460L, 878168476L, 464505362L, 1422634880L, 
-694105324L, 771457320L, -1793734598L, -671147056L, 174993004L, 
-1184533964L, -564337006L, -2052760224L, -506279604L, 947057632L, 
-1130405470L, -1078969944L, -744982900L, 1056292284L, -1530367374L, 
1093962736L, -1048100284L, -1843138472L, -1436367814L, 615887984L, 
1999217724L, -1578195692L, -1071510846L, -1816512800L, 1977879676L, 
-408024368L, 1580263842L, 343120936L, 1325217330L, 1740236423L, 
-674862383L, 233462870L, -1536142284L, -1209198779L, 425049487L, 
-760091384L, -2052157658L, -1058983981L, 1572553013L, -1633159022L, 
1807186016L, 1851215305L, 387695867L, -1352226100L, -806744230L, 
757701199L, -2085937383L, -1141130962L, -1102918852L, -713297747L, 
-1515482281L, 1896724128L, 1436229630L, -625412405L, -1047004979L, 
1418976250L, 2023508024L, 328954337L, 1590286995L, 247468212L, 
834896322L, -2079921705L, 676910625L, -805057050L, 796689636L, 
225704981L, -716587969L, 516625368L, 495568374L, -1475189245L, 
1104544069L, -958093982L, -522553648L, -1217785351L, 155054379L, 
-1347298660L, -2016562998L, -631801409L, -501363447L, -31502818L, 
1953010636L, -867221091L, -1837302745L, 1546560080L, -701534482L, 
112764827L, 1914934781L, 436275434L, -110609528L, 2074719537L, 
1616637347L, -1693910620L, 2009586770L, -1761278041L, -912567311L, 
-2037586122L, 529023956L, 365078885L, -703597201L, 1646593960L, 
965405958L, 1783133235L, 507351701L, -2009586958L, 2096343872L, 
1990688937L, -1422310117L, -1100987668L, 648486650L, 1575694127L, 
1716588345L, -1896214194L, -1392988260L, 1359527181L, 1078503287L, 
-1495080064L, 1896741342L, 402292395L, 1801585069L, 2115769882L, 
2123335896L, -1199327935L, -1964294669L, 1020505108L, -1108184670L, 
701769399L, -538529663L, -1879275386L, -451240764L, 1207040501L, 
2110420063L, -1595447624L, 483665814L, -1649984093L, 1159815525L, 
-429832062L, 1346970096L, -1134233703L, -193711733L, 1438780540L, 
2130470570L, -675987233L, -779098519L, -258050946L, -1490494356L, 
492928189L, 1423480199L, -1671597712L, -1353391090L, -514123461L, 
-76618211L, 93928138L, -1987299864L, -1842832687L, 1484842691L, 
-680505916L, -2047718798L, -1837558969L, -1344951535L, 375887510L, 
-737776652L, -231795323L, 1647659215L, -1458347576L, 88252518L, 
940963475L, -1523538443L, 145520594L, -1515912160L, 2131645961L, 
-550514885L, 913736332L, 831411994L, -1109788273L, 888854233L, 
